68 03 F4 68 07 01 
01 
80 00 
59 A6 97 91 
02 		水表，小表
03 E2 		长度
E1 00 B6 59 	ID
00 00 00 00 00 01 BB 36 6D 25 
E3 00 B6 59 00 00 00 00 00 00 65 40 4C 00 
E4 00 B6 59 00 00 00 00 00 05 08 F6 6B AD 
E5 00 B6 59 00 00 00 00 00 00 58 D7 6D DD 
E6 00 B6 59 00 00 00 00 00 00 82 D0 E5 00 
E7 00 B6 59 00 00 00 00 00 00 B4 F5 B9 8E 
E8 00 B6 59 00 00 00 00 00 07 6C 9D DB 68 
E9 00 B6 59 00 00 00 00 00 00 C7 04 6A 4C 
EA 00 B6 59 00 00 00 00 00 00 C3 D7 0A 00 
EC 00 B6 59 00 00 00 00 00 00 94 BC 6A 00 
ED 00 B6 59 00 00 00 00 00 00 93 6F B1 00 
EE 00 B6 59 00 00 00 00 00 00 B1 A9 FC 00 
EF 00 B6 59 00 00 00 00 00 00 D8 51 EC 00 
F0 00 B6 59 00 00 00 00 00 11 9A A6 62 69 
F1 00 B6 59 00 00 00 00 00 00 E0 42 34 1E 
F2 00 B6 59 00 00 00 00 00 10 5B 68 C7 D3 
F3 00 B6 59 00 00 00 00 00 07 73 40 52 AA 
F4 00 B6 59 00 00 00 00 00 00 7B C4 44 13 
F5 00 B6 59 00 00 00 00 00 02 56 87 2B 00 
F6 00 B6 59 00 00 00 00 00 00 BC 28 F6 00 
F7 00 B6 59 00 00 00 00 00 00 95 9E 67 32 
F8 00 B6 59 00 00 00 00 00 00 CD 13 0E 00 
FA 00 B6 59 00 00 00 00 00 02 4A AF 00 10 
FB 00 B6 59 00 00 00 00 00 01 73 33 33 00 
FD 00 B6 59 00 00 00 00 00 03 51 68 72 80 
FE 00 B6 59 00 00 00 00 00 00 64 5A 1C 80 
FF 00 B6 59 00 00 00 00 00 00 96 9C E1 D4 
00 01 B6 59 00 00 00 00 00 01 ED 56 EA 29 
01 01 B6 59 00 00 00 00 00 00 DD D6 C8 FD 
02 01 B6 59 00 00 00 00 00 00 8D B0 7B 33 
04 01 B6 59 00 00 00 00 00 00 D6 FB AC 80 
05 01 B6 59 00 00 00 00 00 37 1A 0E 5D 21 
06 01 B6 59 00 00 00 00 00 00 D2 0F CD 34 
07 01 B6 59 00 00 00 00 00 04 5F 7C D9 61 
08 01 B6 59 00 00 00 00 00 0B 37 89 FB EA 
09 01 B6 59 00 00 00 00 00 07 28 8C D2 7F 
0A 01 B6 59 00 00 00 00 00 01 35 F0 D4 EB 
0B 01 B6 59 00 00 00 00 00 01 69 44 00 07 
0E 01 B6 59 00 00 00 00 00 03 48 68 64 B7 
0F 01 B6 59 00 00 00 00 00 07 91 8D A5 14 
10 01 B6 59 00 00 00 00 00 21 66 D2 45 80 
11 01 B6 59 00 00 00 00 00 00 FC E9 BE 16 
12 01 B6 59 00 00 00 00 00 07 F1 65 93 69 
13 01 B6 59 00 00 00 00 00 00 68 B4 39 80 
14 01 B6 59 00 00 00 00 00 00 79 6B 55 00 
15 01 B6 59 00 00 00 00 00 0E 38 38 8B 71 
16 01 B6 59 00 00 00 00 00 1F 2C B8 E0 80 
17 01 B6 59 00 00 00 00 00 00 6B 8B 26 00 
18 01 B6 59 00 00 00 00 00 00 F5 04 B4 00 
19 01 B6 59 00 00 00 00 00 0D 06 F0 28 18 
1A 01 B6 59 00 00 00 00 00 63 01 49 86 72 
1B 01 B6 59 00 00 00 00 00 00 66 81 6E E3 
1C 01 B6 59 00 00 00 00 00 01 13 74 BC 60 
1D 01 B6 59 00 00 00 00 00 00 68 72 B0 00 
1E 01 B6 59 00 00 00 00 00 00 C2 DD 09 95 
1F 01 B6 59 00 00 00 00 00 00 E6 8A FE 9B 
20 01 B6 59 00 00 00 00 00 03 24 14 42 38 
21 01 B6 59 00 00 00 00 00 0C D6 CE 5D 8D 
22 01 B6 59 00 00 00 00 00 02 3D 51 AA C5 
23 01 B6 59 00 00 00 00 00 00 75 C8 98 4A 
24 01 B6 59 00 00 00 00 00 00 A1 30 11 C0 
25 01 B6 59 00 00 00 00 00 06 D3 98 35 53 
26 01 B6 59 00 00 00 00 00 00 F6 D7 E4 AE 
27 01 B6 59 00 00 00 00 00 02 D9 DC E4 BF 
28 01 B6 59 00 00 00 00 00 00 E4 03 E8 C9 
29 01 B6 59 00 00 00 00 00 02 68 31 2F E6 
2A 01 B6 59 00 00 00 00 00 01 7E 88 3C ED 
2B 01 B6 59 00 00 00 00 00 04 F1 61 CA 11 
2C 01 B6 59 00 00 00 00 00 04 7A 08 F2 00 
2D 01 B6 59 00 00 00 00 00 01 1F 3B 86 2D 
30 01 B6 59 00 00 00 00 00 00 D7 92 06 22 
E5 16 

------
68 03 F4 68 07 01 01 00 01 59 A6 97 91 02 03 E2 33 01 B6 59 00 00 00 00 00 01 B0 9D 18 CB 35 01 B6 59 00 00 00 00 00 03 0B DB 83 EA 36 01 B6 59 00 00 00 00 00 00 B8 9F CE 83 37 01 B6 59 00 00 00 00 00 04 46 81 93 51 38 01 B6 59 00 00 00 00 00 01 1B 77 08 66 39 01 B6 59 00 00 00 00 00 01 23 F0 11 D6 3A 01 B6 59 00 00 00 00 00 20 D2 67 86 A9 3B 01 B6 59 00 00 00 00 00 00 08 72 B0 20 3C 01 B6 59 00 00 00 00 00 06 56 B6 F9 51 3D 01 B6 59 00 00 00 00 00 00 24 E8 B2 03 3E 01 B6 59 00 00 00 00 00 00 7E F9 DB 00 3F 01 B6 59 00 00 00 00 00 06 1B 20 C5 2D 40 01 B6 59 00 00 00 00 00 00 74 DA 44 28 41 01 B6 59 00 00 00 00 00 01 1B 37 80 A1 42 01 B6 59 00 00 00 00 00 5D FF E8 D9 AF 43 01 B6 59 00 00 00 00 00 01 EB 9E 3D E1 46 01 B6 59 00 00 00 00 00 00 D6 C8 B4 00 47 01 B6 59 00 00 00 00 00 00 D6 87 8A 86 48 01 B6 59 00 00 00 00 00 00 71 68 78 AC 49 01 B6 59 00 00 00 00 00 01 22 8E B3 2F 4A 01 B6 59 00 00 00 00 00 06 D7 FF 84 CD 4B 01 B6 59 00 00 00 00 00 0F 4F 9D B2 00 4C 01 B6 59 00 00 00 00 00 16 EC E6 A7 EF 4F 01 B6 59 00 00 00 00 00 02 35 F3 7E 9F 50 01 B6 59 00 00 00 00 00 11 95 56 CA 91 51 01 B6 59 00 00 00 00 00 08 3D 7C 0C 41 53 01 B6 59 00 00 00 00 00 00 74 38 19 F4 55 01 B6 59 00 00 00 00 00 00 BC 29 18 73 57 01 B6 59 00 00 00 00 00 02 71 D0 DB 9E 58 01 B6 59 00 00 00 00 00 00 A5 A1 CB 00 59 01 B6 59 00 00 00 00 00 00 C6 99 F0 93 5A 01 B6 59 00 00 00 00 00 01 D4 98 7C 1C 5B 01 B6 59 00 00 00 00 00 00 70 A3 D7 00 5C 01 B6 59 00 00 00 00 00 0E FB 31 8E 6D 5E 01 B6 59 00 00 00 00 00 00 49 B4 D2 E2 5F 01 B6 59 00 00 00 00 00 03 5F 7C ED 80 60 01 B6 59 00 00 00 00 00 02 51 26 F6 39 61 01 B6 59 00 00 00 00 00 01 96 78 4A 2B 62 01 B6 59 00 00 00 00 00 03 D6 CC 30 4A 63 01 B6 59 00 00 00 00 00 00 CF 8E AC 3B 64 01 B6 59 00 00 00 00 00 03 33 D3 A9 FB 65 01 B6 59 00 00 00 00 00 03 DF 3C 32 B0 66 01 B6 59 00 00 00 00 00 06 5A 8D 2F 85 67 01 B6 59 00 00 00 00 00 22 7F 88 48 FC 6C 01 B6 59 00 00 00 00 00 07 44 D3 89 64 6D 01 B6 59 00 00 00 00 00 00 16 E1 26 20 6E 01 B6 59 00 00 00 00 00 00 F8 23 81 E9 6F 01 B6 59 00 00 00 00 00 00 C6 25 09 4B 73 01 B6 59 00 00 00 00 00 03 5E B8 89 07 74 01 B6 59 00 00 00 00 00 00 FC 8C F8 00 75 01 B6 59 00 00 00 00 00 06 1E 79 8E 2F 76 01 B6 59 00 00 00 00 00 00 C5 BC 45 00 77 01 B6 59 00 00 00 00 00 01 00 A9 73 06 78 01 B6 59 00 00 00 00 00 00 96 17 EF B8 79 01 B6 59 00 00 00 00 00 0A DA 5E 5A DE 7A 01 B6 59 00 00 00 00 00 00 84 BC 8F CA 7C 01 B6 59 00 00 00 00 00 00 97 68 6A 00 7D 01 B6 59 00 00 00 00 00 0B CE 88 F0 43 7F 01 B6 59 00 00 00 00 00 00 3C 9F D7 8E 80 01 B6 59 00 00 00 00 00 00 79 D4 6C C5 81 01 B6 59 00 00 00 00 00 19 BB 64 63 47 82 01 B6 59 00 00 00 00 00 00 7B 89 FF FE 84 01 B6 59 00 00 00 00 00 00 73 1F 05 0A 85 01 B6 59 00 00 00 00 00 00 E4 18 93 00 86 01 B6 59 00 00 00 00 00 00 56 45 A2 00 87 01 B6 59 00 00 00 00 00 0D B2 AA 5F 17 88 01 B6 59 00 00 00 00 00 00 9C AE 68 A8 89 01 B6 59 00 00 00 00 00 00 7B 64 76 C1 8A 01 B6 59 00 00 00 00 00 01 11 3A F8 42 8B 01 B6 59 00 00 00 00 00 A1 36 85 26 F3 8C 01 B6 59 00 00 00 00 00 02 71 68 72 80 42 16 

------
68 01 9A 68 07 01 01 40 02 59 A6 97 91 02 01 88 8D 01 B6 59 00 00 00 00 00 00 6F B0 29 D2 8F 01 B6 59 00 00 00 00 00 00 BE 53 06 D5 90 01 B6 59 00 00 00 00 00 0A 03 15 77 74 91 01 B6 59 00 00 00 00 00 07 FD D3 93 82 92 01 B6 59 00 00 00 00 00 03 27 14 C8 F8 94 01 B6 59 00 00 00 00 00 1D D0 09 43 3A 95 01 B6 59 00 00 00 00 00 00 36 90 04 00 9A 01 B6 59 00 00 00 00 00 00 96 4B E4 CC 9C 01 B6 59 00 00 00 00 00 03 C4 F4 2D 17 9D 01 B6 59 00 00 00 00 00 01 9D 2F 1B 00 9E 01 B6 59 00 00 00 00 00 00 65 A0 9D 00 A0 01 B6 59 00 00 00 00 00 00 99 04 75 AD A1 01 B6 59 00 00 00 00 00 0B B2 6E 98 00 A2 01 B6 59 00 00 00 00 00 00 FC 6A C6 23 A3 01 B6 59 00 00 00 00 00 01 A3 AF 62 D8 A4 01 B6 59 00 00 00 00 00 00 D5 93 06 E9 A5 01 B6 59 00 00 00 00 00 01 64 F1 E9 24 A6 01 B6 59 00 00 00 00 00 00 D5 67 BC BB A7 01 B6 59 00 00 00 00 00 06 8A E5 B5 5E A9 01 B6 59 00 00 00 00 00 00 10 79 2C 58 AB 01 B6 59 00 00 00 00 00 01 9F 9F 02 CE AC 01 B6 59 00 00 00 00 00 07 8A 48 28 F4 AD 01 B6 59 00 00 00 00 00 05 6A 92 82 C3 AF 01 B6 59 00 00 00 00 00 07 33 05 CC DF B2 01 B6 59 00 00 00 00 00 02 8F 53 52 1A B3 01 B6 59 00 00 00 00 00 0D 2D 61 06 16 B4 01 B6 59 00 00 00 00 00 06 7C D4 C4 C1 B7 01 B6 59 00 00 00 00 00 01 FB 82 4F 6A DA 16